1.300000000000000000e+02
1.300000000000000000e+02
1.100000000000000000e+02
1.120000000000000000e+02
1.130000000000000000e+02
1.090000000000000000e+02
1.120000000000000000e+02
1.100000000000000000e+02
1.110000000000000000e+02
1.140000000000000000e+02
1.120000000000000000e+02
1.100000000000000000e+02
1.110000000000000000e+02
1.100000000000000000e+02
1.110000000000000000e+02
1.100000000000000000e+02
1.110000000000000000e+02
1.120000000000000000e+02
1.090000000000000000e+02
1.120000000000000000e+02
1.110000000000000000e+02
1.090000000000000000e+02
1.130000000000000000e+02
1.110000000000000000e+02
1.100000000000000000e+02
1.110000000000000000e+02
1.110000000000000000e+02
1.100000000000000000e+02
1.120000000000000000e+02
1.090000000000000000e+02
1.120000000000000000e+02
1.110000000000000000e+02
1.100000000000000000e+02
1.110000000000000000e+02
1.100000000000000000e+02
1.110000000000000000e+02
1.130000000000000000e+02
1.120000000000000000e+02
1.140000000000000000e+02
1.120000000000000000e+02
1.120000000000000000e+02
1.110000000000000000e+02
1.130000000000000000e+02
1.170000000000000000e+02
1.170000000000000000e+02
1.190000000000000000e+02
1.270000000000000000e+02
1.360000000000000000e+02
1.510000000000000000e+02
1.710000000000000000e+02
1.890000000000000000e+02
2.200000000000000000e+02
2.700000000000000000e+02
3.390000000000000000e+02
4.470000000000000000e+02
5.800000000000000000e+02
7.240000000000000000e+02
8.550000000000000000e+02
9.440000000000000000e+02
9.720000000000000000e+02
9.720000000000000000e+02
9.310000000000000000e+02
8.520000000000000000e+02
7.400000000000000000e+02
6.400000000000000000e+02
5.490000000000000000e+02
4.660000000000000000e+02
4.060000000000000000e+02
3.590000000000000000e+02
3.140000000000000000e+02
2.770000000000000000e+02
2.420000000000000000e+02
2.160000000000000000e+02
1.960000000000000000e+02
1.760000000000000000e+02
1.610000000000000000e+02
1.520000000000000000e+02
1.410000000000000000e+02
1.380000000000000000e+02
1.310000000000000000e+02
1.280000000000000000e+02
1.270000000000000000e+02
1.240000000000000000e+02
1.250000000000000000e+02
1.230000000000000000e+02
1.210000000000000000e+02
1.270000000000000000e+02
1.270000000000000000e+02
1.350000000000000000e+02
1.520000000000000000e+02
1.740000000000000000e+02
2.050000000000000000e+02
2.370000000000000000e+02
2.590000000000000000e+02
2.690000000000000000e+02
2.420000000000000000e+02
2.130000000000000000e+02
1.760000000000000000e+02
1.460000000000000000e+02
1.380000000000000000e+02
1.310000000000000000e+02
1.260000000000000000e+02
1.270000000000000000e+02
1.270000000000000000e+02
1.290000000000000000e+02
1.350000000000000000e+02
1.410000000000000000e+02
1.500000000000000000e+02
1.620000000000000000e+02
1.730000000000000000e+02
1.880000000000000000e+02
1.940000000000000000e+02
1.980000000000000000e+02
1.990000000000000000e+02
1.950000000000000000e+02
1.880000000000000000e+02
1.820000000000000000e+02
1.800000000000000000e+02
1.880000000000000000e+02
2.090000000000000000e+02
2.430000000000000000e+02
3.010000000000000000e+02
3.750000000000000000e+02
4.400000000000000000e+02
4.580000000000000000e+02
4.410000000000000000e+02
4.010000000000000000e+02
3.670000000000000000e+02
3.650000000000000000e+02
3.810000000000000000e+02
3.940000000000000000e+02
3.950000000000000000e+02
3.770000000000000000e+02
3.310000000000000000e+02
2.790000000000000000e+02
2.300000000000000000e+02
1.960000000000000000e+02
1.750000000000000000e+02
1.620000000000000000e+02
1.560000000000000000e+02
1.540000000000000000e+02
1.490000000000000000e+02
1.500000000000000000e+02
1.440000000000000000e+02
1.400000000000000000e+02
1.430000000000000000e+02
1.400000000000000000e+02
1.410000000000000000e+02
1.380000000000000000e+02
1.370000000000000000e+02
1.390000000000000000e+02
1.320000000000000000e+02
1.300000000000000000e+02
1.300000000000000000e+02
1.300000000000000000e+02
1.290000000000000000e+02
1.310000000000000000e+02
1.300000000000000000e+02
1.330000000000000000e+02
1.340000000000000000e+02
1.360000000000000000e+02
1.380000000000000000e+02
1.350000000000000000e+02
1.330000000000000000e+02
1.310000000000000000e+02
1.300000000000000000e+02
1.320000000000000000e+02
1.340000000000000000e+02
1.430000000000000000e+02
1.580000000000000000e+02
1.690000000000000000e+02
1.760000000000000000e+02
1.810000000000000000e+02
1.750000000000000000e+02
1.630000000000000000e+02
1.480000000000000000e+02
1.340000000000000000e+02
1.280000000000000000e+02
1.210000000000000000e+02
1.190000000000000000e+02
1.200000000000000000e+02
1.170000000000000000e+02
1.200000000000000000e+02
1.190000000000000000e+02
1.190000000000000000e+02
1.190000000000000000e+02
1.190000000000000000e+02
1.210000000000000000e+02
1.200000000000000000e+02
1.210000000000000000e+02
1.230000000000000000e+02
1.210000000000000000e+02
1.210000000000000000e+02
1.220000000000000000e+02
1.200000000000000000e+02
1.220000000000000000e+02
1.220000000000000000e+02
1.190000000000000000e+02
1.200000000000000000e+02
1.200000000000000000e+02
1.180000000000000000e+02
1.210000000000000000e+02
1.170000000000000000e+02
1.170000000000000000e+02
1.190000000000000000e+02
1.160000000000000000e+02
1.190000000000000000e+02
1.190000000000000000e+02
1.180000000000000000e+02
1.200000000000000000e+02
1.170000000000000000e+02
1.160000000000000000e+02
1.190000000000000000e+02
1.190000000000000000e+02
1.200000000000000000e+02
1.170000000000000000e+02
1.180000000000000000e+02
1.190000000000000000e+02
1.160000000000000000e+02
1.170000000000000000e+02
1.170000000000000000e+02
1.140000000000000000e+02
1.170000000000000000e+02
1.160000000000000000e+02
1.160000000000000000e+02
1.170000000000000000e+02
1.170000000000000000e+02
1.160000000000000000e+02
1.180000000000000000e+02
1.170000000000000000e+02
1.190000000000000000e+02
1.190000000000000000e+02
1.190000000000000000e+02
1.210000000000000000e+02
1.180000000000000000e+02
1.180000000000000000e+02
1.190000000000000000e+02
1.150000000000000000e+02
1.180000000000000000e+02
1.160000000000000000e+02
1.140000000000000000e+02
1.190000000000000000e+02
1.160000000000000000e+02
1.170000000000000000e+02
1.190000000000000000e+02
1.130000000000000000e+02
1.180000000000000000e+02
1.180000000000000000e+02
1.170000000000000000e+02
1.190000000000000000e+02
1.160000000000000000e+02
1.170000000000000000e+02
1.170000000000000000e+02
1.160000000000000000e+02
1.180000000000000000e+02
1.170000000000000000e+02
1.150000000000000000e+02
1.180000000000000000e+02
1.170000000000000000e+02
1.170000000000000000e+02
1.180000000000000000e+02
1.160000000000000000e+02
1.180000000000000000e+02
1.180000000000000000e+02
1.190000000000000000e+02
1.200000000000000000e+02
1.180000000000000000e+02
1.170000000000000000e+02
1.180000000000000000e+02
1.170000000000000000e+02
1.180000000000000000e+02
1.170000000000000000e+02
1.160000000000000000e+02
1.200000000000000000e+02
1.160000000000000000e+02
1.180000000000000000e+02
1.190000000000000000e+02
1.160000000000000000e+02
1.190000000000000000e+02
1.170000000000000000e+02
1.160000000000000000e+02
1.190000000000000000e+02
1.180000000000000000e+02
1.180000000000000000e+02
1.170000000000000000e+02
1.160000000000000000e+02
1.170000000000000000e+02
1.150000000000000000e+02
