1.300000000000000000e+02
1.300000000000000000e+02
1.100000000000000000e+02
1.120000000000000000e+02
1.130000000000000000e+02
1.100000000000000000e+02
1.120000000000000000e+02
1.110000000000000000e+02
1.090000000000000000e+02
1.140000000000000000e+02
1.140000000000000000e+02
1.100000000000000000e+02
1.110000000000000000e+02
1.090000000000000000e+02
1.120000000000000000e+02
1.110000000000000000e+02
1.110000000000000000e+02
1.120000000000000000e+02
1.100000000000000000e+02
1.110000000000000000e+02
1.110000000000000000e+02
1.100000000000000000e+02
1.120000000000000000e+02
1.120000000000000000e+02
1.110000000000000000e+02
1.110000000000000000e+02
1.100000000000000000e+02
1.110000000000000000e+02
1.130000000000000000e+02
1.090000000000000000e+02
1.110000000000000000e+02
1.110000000000000000e+02
1.100000000000000000e+02
1.120000000000000000e+02
1.090000000000000000e+02
1.120000000000000000e+02
1.120000000000000000e+02
1.120000000000000000e+02
1.130000000000000000e+02
1.110000000000000000e+02
1.110000000000000000e+02
1.100000000000000000e+02
1.100000000000000000e+02
1.110000000000000000e+02
1.130000000000000000e+02
1.120000000000000000e+02
1.160000000000000000e+02
1.180000000000000000e+02
1.200000000000000000e+02
1.240000000000000000e+02
1.210000000000000000e+02
1.170000000000000000e+02
1.160000000000000000e+02
1.150000000000000000e+02
1.170000000000000000e+02
1.150000000000000000e+02
1.170000000000000000e+02
1.180000000000000000e+02
1.170000000000000000e+02
1.180000000000000000e+02
1.180000000000000000e+02
1.180000000000000000e+02
1.180000000000000000e+02
1.180000000000000000e+02
1.180000000000000000e+02
1.210000000000000000e+02
1.210000000000000000e+02
1.260000000000000000e+02
1.310000000000000000e+02
1.320000000000000000e+02
1.360000000000000000e+02
1.340000000000000000e+02
1.300000000000000000e+02
1.270000000000000000e+02
1.210000000000000000e+02
1.190000000000000000e+02
1.160000000000000000e+02
1.150000000000000000e+02
1.170000000000000000e+02
1.140000000000000000e+02
1.140000000000000000e+02
1.170000000000000000e+02
1.130000000000000000e+02
1.150000000000000000e+02
1.150000000000000000e+02
1.150000000000000000e+02
1.190000000000000000e+02
1.200000000000000000e+02
1.280000000000000000e+02
1.420000000000000000e+02
1.610000000000000000e+02
1.840000000000000000e+02
2.070000000000000000e+02
2.180000000000000000e+02
2.200000000000000000e+02
2.010000000000000000e+02
1.780000000000000000e+02
1.540000000000000000e+02
1.340000000000000000e+02
1.280000000000000000e+02
1.260000000000000000e+02
1.200000000000000000e+02
1.230000000000000000e+02
1.210000000000000000e+02
1.240000000000000000e+02
1.290000000000000000e+02
1.360000000000000000e+02
1.400000000000000000e+02
1.540000000000000000e+02
1.600000000000000000e+02
1.710000000000000000e+02
1.760000000000000000e+02
1.820000000000000000e+02
1.850000000000000000e+02
1.850000000000000000e+02
1.860000000000000000e+02
1.870000000000000000e+02
1.950000000000000000e+02
2.130000000000000000e+02
2.440000000000000000e+02
2.930000000000000000e+02
3.650000000000000000e+02
4.540000000000000000e+02
5.370000000000000000e+02
6.000000000000000000e+02
6.430000000000000000e+02
6.960000000000000000e+02
7.500000000000000000e+02
8.170000000000000000e+02
8.690000000000000000e+02
8.960000000000000000e+02
8.810000000000000000e+02
8.070000000000000000e+02
6.910000000000000000e+02
5.590000000000000000e+02
4.280000000000000000e+02
3.290000000000000000e+02
2.670000000000000000e+02
2.240000000000000000e+02
1.960000000000000000e+02
1.800000000000000000e+02
1.640000000000000000e+02
1.560000000000000000e+02
1.490000000000000000e+02
1.390000000000000000e+02
1.410000000000000000e+02
1.380000000000000000e+02
1.350000000000000000e+02
1.330000000000000000e+02
1.330000000000000000e+02
1.320000000000000000e+02
1.260000000000000000e+02
1.260000000000000000e+02
1.250000000000000000e+02
1.240000000000000000e+02
1.250000000000000000e+02
1.260000000000000000e+02
1.250000000000000000e+02
1.280000000000000000e+02
1.270000000000000000e+02
1.300000000000000000e+02
1.300000000000000000e+02
1.280000000000000000e+02
1.280000000000000000e+02
1.260000000000000000e+02
1.240000000000000000e+02
1.260000000000000000e+02
1.280000000000000000e+02
1.350000000000000000e+02
1.470000000000000000e+02
1.540000000000000000e+02
1.600000000000000000e+02
1.620000000000000000e+02
1.560000000000000000e+02
1.490000000000000000e+02
1.380000000000000000e+02
1.270000000000000000e+02
1.210000000000000000e+02
1.150000000000000000e+02
1.170000000000000000e+02
1.190000000000000000e+02
1.150000000000000000e+02
1.160000000000000000e+02
1.150000000000000000e+02
1.150000000000000000e+02
1.170000000000000000e+02
1.140000000000000000e+02
1.150000000000000000e+02
1.150000000000000000e+02
1.150000000000000000e+02
1.180000000000000000e+02
1.150000000000000000e+02
1.160000000000000000e+02
1.170000000000000000e+02
1.160000000000000000e+02
1.150000000000000000e+02
1.170000000000000000e+02
1.160000000000000000e+02
1.180000000000000000e+02
1.150000000000000000e+02
1.130000000000000000e+02
1.170000000000000000e+02
1.140000000000000000e+02
1.150000000000000000e+02
1.150000000000000000e+02
1.130000000000000000e+02
1.140000000000000000e+02
1.140000000000000000e+02
1.140000000000000000e+02
1.150000000000000000e+02
1.130000000000000000e+02
1.140000000000000000e+02
1.140000000000000000e+02
1.140000000000000000e+02
1.160000000000000000e+02
1.140000000000000000e+02
1.150000000000000000e+02
1.160000000000000000e+02
1.120000000000000000e+02
1.140000000000000000e+02
1.140000000000000000e+02
1.120000000000000000e+02
1.140000000000000000e+02
1.130000000000000000e+02
1.130000000000000000e+02
1.150000000000000000e+02
1.140000000000000000e+02
1.140000000000000000e+02
1.170000000000000000e+02
1.140000000000000000e+02
1.190000000000000000e+02
1.190000000000000000e+02
1.170000000000000000e+02
1.180000000000000000e+02
1.170000000000000000e+02
1.170000000000000000e+02
1.170000000000000000e+02
1.140000000000000000e+02
1.170000000000000000e+02
1.160000000000000000e+02
1.150000000000000000e+02
1.170000000000000000e+02
1.150000000000000000e+02
1.180000000000000000e+02
1.180000000000000000e+02
1.150000000000000000e+02
1.170000000000000000e+02
1.190000000000000000e+02
1.190000000000000000e+02
1.200000000000000000e+02
1.170000000000000000e+02
1.180000000000000000e+02
1.190000000000000000e+02
1.170000000000000000e+02
1.190000000000000000e+02
1.170000000000000000e+02
1.170000000000000000e+02
1.210000000000000000e+02
1.180000000000000000e+02
1.180000000000000000e+02
1.180000000000000000e+02
1.180000000000000000e+02
1.220000000000000000e+02
1.200000000000000000e+02
1.200000000000000000e+02
1.220000000000000000e+02
1.210000000000000000e+02
1.190000000000000000e+02
1.210000000000000000e+02
1.200000000000000000e+02
1.200000000000000000e+02
1.190000000000000000e+02
1.180000000000000000e+02
1.230000000000000000e+02
1.190000000000000000e+02
1.200000000000000000e+02
1.210000000000000000e+02
1.180000000000000000e+02
1.210000000000000000e+02
1.200000000000000000e+02
1.170000000000000000e+02
1.210000000000000000e+02
1.180000000000000000e+02
1.190000000000000000e+02
1.180000000000000000e+02
1.160000000000000000e+02
1.190000000000000000e+02
1.160000000000000000e+02
