1.300000000000000000e+02
1.300000000000000000e+02
1.180000000000000000e+02
1.210000000000000000e+02
1.200000000000000000e+02
1.160000000000000000e+02
1.130000000000000000e+02
1.100000000000000000e+02
1.100000000000000000e+02
1.130000000000000000e+02
1.110000000000000000e+02
1.100000000000000000e+02
1.100000000000000000e+02
1.090000000000000000e+02
1.110000000000000000e+02
1.090000000000000000e+02
1.100000000000000000e+02
1.120000000000000000e+02
1.100000000000000000e+02
1.150000000000000000e+02
1.410000000000000000e+02
1.750000000000000000e+02
1.760000000000000000e+02
1.710000000000000000e+02
1.410000000000000000e+02
1.150000000000000000e+02
1.110000000000000000e+02
1.100000000000000000e+02
1.120000000000000000e+02
1.070000000000000000e+02
1.110000000000000000e+02
1.110000000000000000e+02
1.110000000000000000e+02
1.150000000000000000e+02
1.150000000000000000e+02
1.560000000000000000e+02
1.610000000000000000e+02
1.560000000000000000e+02
1.540000000000000000e+02
1.230000000000000000e+02
1.160000000000000000e+02
1.170000000000000000e+02
1.180000000000000000e+02
1.170000000000000000e+02
1.170000000000000000e+02
1.190000000000000000e+02
1.430000000000000000e+02
2.190000000000000000e+02
2.150000000000000000e+02
2.090000000000000000e+02
1.870000000000000000e+02
1.270000000000000000e+02
1.140000000000000000e+02
1.100000000000000000e+02
1.120000000000000000e+02
1.110000000000000000e+02
1.100000000000000000e+02
1.120000000000000000e+02
1.100000000000000000e+02
1.110000000000000000e+02
1.100000000000000000e+02
1.090000000000000000e+02
1.100000000000000000e+02
1.090000000000000000e+02
1.090000000000000000e+02
1.100000000000000000e+02
1.100000000000000000e+02
1.100000000000000000e+02
1.100000000000000000e+02
1.080000000000000000e+02
1.100000000000000000e+02
1.100000000000000000e+02
1.100000000000000000e+02
1.090000000000000000e+02
1.090000000000000000e+02
1.080000000000000000e+02
1.090000000000000000e+02
1.080000000000000000e+02
1.110000000000000000e+02
1.090000000000000000e+02
1.090000000000000000e+02
1.110000000000000000e+02
1.080000000000000000e+02
1.100000000000000000e+02
1.100000000000000000e+02
1.100000000000000000e+02
1.130000000000000000e+02
1.100000000000000000e+02
1.160000000000000000e+02
1.190000000000000000e+02
1.320000000000000000e+02
2.340000000000000000e+02
2.300000000000000000e+02
2.290000000000000000e+02
2.230000000000000000e+02
1.460000000000000000e+02
1.200000000000000000e+02
1.200000000000000000e+02
1.100000000000000000e+02
1.120000000000000000e+02
1.120000000000000000e+02
1.090000000000000000e+02
1.110000000000000000e+02
1.110000000000000000e+02
1.190000000000000000e+02
1.320000000000000000e+02
1.340000000000000000e+02
1.320000000000000000e+02
1.290000000000000000e+02
1.150000000000000000e+02
1.130000000000000000e+02
1.110000000000000000e+02
1.090000000000000000e+02
1.100000000000000000e+02
1.070000000000000000e+02
1.100000000000000000e+02
1.100000000000000000e+02
1.090000000000000000e+02
1.110000000000000000e+02
1.100000000000000000e+02
1.090000000000000000e+02
1.110000000000000000e+02
1.080000000000000000e+02
1.080000000000000000e+02
1.100000000000000000e+02
1.090000000000000000e+02
1.120000000000000000e+02
1.090000000000000000e+02
1.090000000000000000e+02
1.110000000000000000e+02
1.080000000000000000e+02
1.110000000000000000e+02
1.100000000000000000e+02
1.100000000000000000e+02
1.110000000000000000e+02
1.100000000000000000e+02
1.100000000000000000e+02
1.110000000000000000e+02
1.090000000000000000e+02
1.100000000000000000e+02
1.120000000000000000e+02
1.090000000000000000e+02
1.100000000000000000e+02
1.090000000000000000e+02
1.090000000000000000e+02
1.130000000000000000e+02
1.100000000000000000e+02
1.110000000000000000e+02
1.110000000000000000e+02
1.110000000000000000e+02
1.130000000000000000e+02
1.100000000000000000e+02
1.110000000000000000e+02
1.120000000000000000e+02
1.110000000000000000e+02
1.130000000000000000e+02
1.140000000000000000e+02
1.160000000000000000e+02
1.190000000000000000e+02
1.170000000000000000e+02
1.230000000000000000e+02
1.610000000000000000e+02
2.170000000000000000e+02
2.130000000000000000e+02
2.130000000000000000e+02
2.110000000000000000e+02
1.900000000000000000e+02
1.800000000000000000e+02
1.760000000000000000e+02
1.770000000000000000e+02
1.730000000000000000e+02
1.710000000000000000e+02
1.410000000000000000e+02
1.250000000000000000e+02
1.270000000000000000e+02
1.260000000000000000e+02
1.200000000000000000e+02
1.210000000000000000e+02
1.310000000000000000e+02
1.430000000000000000e+02
1.470000000000000000e+02
1.440000000000000000e+02
1.480000000000000000e+02
1.450000000000000000e+02
1.780000000000000000e+02
2.370000000000000000e+02
2.320000000000000000e+02
2.330000000000000000e+02
2.320000000000000000e+02
2.150000000000000000e+02
1.720000000000000000e+02
2.210000000000000000e+02
3.440000000000000000e+02
3.630000000000000000e+02
3.710000000000000000e+02
3.700000000000000000e+02
3.390000000000000000e+02
2.400000000000000000e+02
2.450000000000000000e+02
5.050000000000000000e+02
6.400000000000000000e+02
6.120000000000000000e+02
6.090000000000000000e+02
6.070000000000000000e+02
5.320000000000000000e+02
3.740000000000000000e+02
3.060000000000000000e+02
3.070000000000000000e+02
2.990000000000000000e+02
2.730000000000000000e+02
1.870000000000000000e+02
1.380000000000000000e+02
1.360000000000000000e+02
1.370000000000000000e+02
1.330000000000000000e+02
1.330000000000000000e+02
1.330000000000000000e+02
1.470000000000000000e+02
1.840000000000000000e+02
2.570000000000000000e+02
2.590000000000000000e+02
2.700000000000000000e+02
3.240000000000000000e+02
4.220000000000000000e+02
4.070000000000000000e+02
3.490000000000000000e+02
3.450000000000000000e+02
3.450000000000000000e+02
3.560000000000000000e+02
4.660000000000000000e+02
6.840000000000000000e+02
6.650000000000000000e+02
6.650000000000000000e+02
6.540000000000000000e+02
6.060000000000000000e+02
3.990000000000000000e+02
2.010000000000000000e+02
1.590000000000000000e+02
1.620000000000000000e+02
1.820000000000000000e+02
2.120000000000000000e+02
2.190000000000000000e+02
2.080000000000000000e+02
2.070000000000000000e+02
2.120000000000000000e+02
1.920000000000000000e+02
1.560000000000000000e+02
1.410000000000000000e+02
1.440000000000000000e+02
1.730000000000000000e+02
2.460000000000000000e+02
3.440000000000000000e+02
3.980000000000000000e+02
3.800000000000000000e+02
3.800000000000000000e+02
3.620000000000000000e+02
3.060000000000000000e+02
2.210000000000000000e+02
1.770000000000000000e+02
1.860000000000000000e+02
1.820000000000000000e+02
1.760000000000000000e+02
1.770000000000000000e+02
1.660000000000000000e+02
1.470000000000000000e+02
1.260000000000000000e+02
1.170000000000000000e+02
1.160000000000000000e+02
1.180000000000000000e+02
1.190000000000000000e+02
1.210000000000000000e+02
1.190000000000000000e+02
1.170000000000000000e+02
1.200000000000000000e+02
1.160000000000000000e+02
1.160000000000000000e+02
1.140000000000000000e+02
1.090000000000000000e+02
1.120000000000000000e+02
1.110000000000000000e+02
1.100000000000000000e+02
1.110000000000000000e+02
1.100000000000000000e+02
1.120000000000000000e+02
1.120000000000000000e+02
1.100000000000000000e+02
1.120000000000000000e+02
1.100000000000000000e+02
