1.300000000000000000e+02
1.300000000000000000e+02
1.100000000000000000e+02
1.110000000000000000e+02
1.110000000000000000e+02
1.080000000000000000e+02
1.110000000000000000e+02
1.100000000000000000e+02
1.090000000000000000e+02
1.120000000000000000e+02
1.100000000000000000e+02
1.080000000000000000e+02
1.080000000000000000e+02
1.070000000000000000e+02
1.090000000000000000e+02
1.080000000000000000e+02
1.080000000000000000e+02
1.090000000000000000e+02
1.070000000000000000e+02
1.090000000000000000e+02
1.080000000000000000e+02
1.070000000000000000e+02
1.090000000000000000e+02
1.080000000000000000e+02
1.090000000000000000e+02
1.090000000000000000e+02
1.080000000000000000e+02
1.080000000000000000e+02
1.100000000000000000e+02
1.060000000000000000e+02
1.090000000000000000e+02
1.080000000000000000e+02
1.070000000000000000e+02
1.090000000000000000e+02
1.070000000000000000e+02
1.080000000000000000e+02
1.080000000000000000e+02
1.060000000000000000e+02
1.080000000000000000e+02
1.060000000000000000e+02
1.080000000000000000e+02
1.070000000000000000e+02
1.080000000000000000e+02
1.120000000000000000e+02
1.180000000000000000e+02
1.240000000000000000e+02
1.300000000000000000e+02
1.280000000000000000e+02
1.260000000000000000e+02
1.200000000000000000e+02
1.150000000000000000e+02
1.180000000000000000e+02
1.180000000000000000e+02
1.150000000000000000e+02
1.160000000000000000e+02
1.110000000000000000e+02
1.100000000000000000e+02
1.090000000000000000e+02
1.060000000000000000e+02
1.080000000000000000e+02
1.080000000000000000e+02
1.060000000000000000e+02
1.070000000000000000e+02
1.070000000000000000e+02
1.070000000000000000e+02
1.100000000000000000e+02
1.060000000000000000e+02
1.080000000000000000e+02
1.080000000000000000e+02
1.060000000000000000e+02
1.080000000000000000e+02
1.080000000000000000e+02
1.070000000000000000e+02
1.070000000000000000e+02
1.060000000000000000e+02
1.070000000000000000e+02
1.080000000000000000e+02
1.060000000000000000e+02
1.080000000000000000e+02
1.070000000000000000e+02
1.070000000000000000e+02
1.100000000000000000e+02
1.070000000000000000e+02
1.080000000000000000e+02
1.080000000000000000e+02
1.060000000000000000e+02
1.090000000000000000e+02
1.060000000000000000e+02
1.070000000000000000e+02
1.080000000000000000e+02
1.070000000000000000e+02
1.080000000000000000e+02
1.070000000000000000e+02
1.090000000000000000e+02
1.110000000000000000e+02
1.150000000000000000e+02
1.380000000000000000e+02
1.410000000000000000e+02
1.370000000000000000e+02
1.390000000000000000e+02
1.190000000000000000e+02
1.100000000000000000e+02
1.120000000000000000e+02
1.080000000000000000e+02
1.070000000000000000e+02
1.100000000000000000e+02
1.100000000000000000e+02
1.110000000000000000e+02
1.140000000000000000e+02
1.370000000000000000e+02
1.490000000000000000e+02
1.490000000000000000e+02
1.470000000000000000e+02
1.340000000000000000e+02
1.100000000000000000e+02
1.130000000000000000e+02
1.120000000000000000e+02
1.100000000000000000e+02
1.120000000000000000e+02
1.100000000000000000e+02
1.100000000000000000e+02
1.120000000000000000e+02
1.080000000000000000e+02
1.100000000000000000e+02
1.110000000000000000e+02
1.090000000000000000e+02
1.140000000000000000e+02
1.110000000000000000e+02
1.110000000000000000e+02
1.130000000000000000e+02
1.120000000000000000e+02
1.120000000000000000e+02
1.120000000000000000e+02
1.100000000000000000e+02
1.110000000000000000e+02
1.100000000000000000e+02
1.100000000000000000e+02
1.120000000000000000e+02
1.110000000000000000e+02
1.100000000000000000e+02
1.130000000000000000e+02
1.080000000000000000e+02
1.090000000000000000e+02
1.090000000000000000e+02
1.060000000000000000e+02
1.110000000000000000e+02
1.080000000000000000e+02
1.090000000000000000e+02
1.080000000000000000e+02
1.080000000000000000e+02
1.110000000000000000e+02
1.080000000000000000e+02
1.080000000000000000e+02
1.080000000000000000e+02
1.070000000000000000e+02
1.080000000000000000e+02
1.100000000000000000e+02
1.080000000000000000e+02
1.100000000000000000e+02
1.090000000000000000e+02
1.090000000000000000e+02
1.100000000000000000e+02
1.080000000000000000e+02
1.090000000000000000e+02
1.090000000000000000e+02
1.080000000000000000e+02
1.100000000000000000e+02
1.080000000000000000e+02
1.080000000000000000e+02
1.100000000000000000e+02
1.080000000000000000e+02
1.080000000000000000e+02
1.100000000000000000e+02
1.070000000000000000e+02
1.090000000000000000e+02
1.090000000000000000e+02
1.100000000000000000e+02
1.110000000000000000e+02
1.110000000000000000e+02
1.110000000000000000e+02
1.130000000000000000e+02
1.110000000000000000e+02
1.130000000000000000e+02
1.120000000000000000e+02
1.120000000000000000e+02
1.130000000000000000e+02
1.120000000000000000e+02
1.130000000000000000e+02
1.180000000000000000e+02
1.160000000000000000e+02
1.200000000000000000e+02
1.210000000000000000e+02
1.300000000000000000e+02
1.440000000000000000e+02
1.470000000000000000e+02
1.550000000000000000e+02
1.880000000000000000e+02
3.270000000000000000e+02
6.700000000000000000e+02
7.880000000000000000e+02
7.560000000000000000e+02
7.640000000000000000e+02
7.560000000000000000e+02
5.030000000000000000e+02
3.360000000000000000e+02
2.980000000000000000e+02
2.790000000000000000e+02
2.670000000000000000e+02
2.560000000000000000e+02
1.700000000000000000e+02
1.350000000000000000e+02
1.330000000000000000e+02
1.320000000000000000e+02
1.440000000000000000e+02
1.910000000000000000e+02
1.900000000000000000e+02
1.880000000000000000e+02
1.880000000000000000e+02
1.970000000000000000e+02
1.640000000000000000e+02
1.370000000000000000e+02
1.300000000000000000e+02
1.360000000000000000e+02
1.290000000000000000e+02
1.370000000000000000e+02
1.510000000000000000e+02
1.550000000000000000e+02
1.840000000000000000e+02
2.200000000000000000e+02
2.560000000000000000e+02
4.580000000000000000e+02
7.590000000000000000e+02
7.330000000000000000e+02
6.970000000000000000e+02
6.960000000000000000e+02
7.570000000000000000e+02
5.390000000000000000e+02
3.440000000000000000e+02
2.960000000000000000e+02
2.980000000000000000e+02
3.000000000000000000e+02
3.420000000000000000e+02
3.220000000000000000e+02
3.550000000000000000e+02
4.550000000000000000e+02
4.350000000000000000e+02
4.290000000000000000e+02
3.620000000000000000e+02
3.390000000000000000e+02
2.370000000000000000e+02
1.580000000000000000e+02
1.340000000000000000e+02
1.350000000000000000e+02
1.260000000000000000e+02
1.210000000000000000e+02
1.200000000000000000e+02
1.160000000000000000e+02
1.170000000000000000e+02
1.240000000000000000e+02
1.440000000000000000e+02
1.530000000000000000e+02
1.460000000000000000e+02
1.490000000000000000e+02
1.500000000000000000e+02
1.500000000000000000e+02
1.280000000000000000e+02
1.160000000000000000e+02
1.130000000000000000e+02
1.160000000000000000e+02
1.120000000000000000e+02
1.130000000000000000e+02
1.130000000000000000e+02
1.140000000000000000e+02
1.180000000000000000e+02
1.140000000000000000e+02
1.180000000000000000e+02
1.220000000000000000e+02
1.200000000000000000e+02
1.290000000000000000e+02
1.640000000000000000e+02
2.320000000000000000e+02
2.580000000000000000e+02
2.320000000000000000e+02
2.340000000000000000e+02
2.420000000000000000e+02
2.480000000000000000e+02
1.830000000000000000e+02
1.390000000000000000e+02
