1.300000000000000000e+02
1.300000000000000000e+02
1.470000000000000000e+02
1.480000000000000000e+02
1.470000000000000000e+02
1.410000000000000000e+02
1.420000000000000000e+02
1.400000000000000000e+02
1.370000000000000000e+02
1.390000000000000000e+02
1.350000000000000000e+02
1.310000000000000000e+02
1.300000000000000000e+02
1.280000000000000000e+02
1.300000000000000000e+02
1.270000000000000000e+02
1.280000000000000000e+02
1.300000000000000000e+02
1.270000000000000000e+02
1.290000000000000000e+02
1.290000000000000000e+02
1.260000000000000000e+02
1.300000000000000000e+02
1.290000000000000000e+02
1.280000000000000000e+02
1.310000000000000000e+02
1.310000000000000000e+02
1.310000000000000000e+02
1.360000000000000000e+02
1.320000000000000000e+02
1.370000000000000000e+02
1.400000000000000000e+02
1.410000000000000000e+02
1.460000000000000000e+02
1.450000000000000000e+02
1.490000000000000000e+02
1.500000000000000000e+02
1.520000000000000000e+02
1.540000000000000000e+02
1.530000000000000000e+02
1.550000000000000000e+02
1.550000000000000000e+02
1.600000000000000000e+02
1.610000000000000000e+02
1.620000000000000000e+02
1.630000000000000000e+02
1.700000000000000000e+02
1.690000000000000000e+02
1.770000000000000000e+02
1.830000000000000000e+02
1.870000000000000000e+02
1.940000000000000000e+02
2.000000000000000000e+02
2.080000000000000000e+02
2.200000000000000000e+02
2.280000000000000000e+02
2.400000000000000000e+02
2.510000000000000000e+02
2.570000000000000000e+02
2.690000000000000000e+02
2.720000000000000000e+02
2.760000000000000000e+02
2.830000000000000000e+02
2.850000000000000000e+02
2.900000000000000000e+02
2.960000000000000000e+02
2.950000000000000000e+02
2.980000000000000000e+02
3.060000000000000000e+02
3.040000000000000000e+02
3.080000000000000000e+02
3.100000000000000000e+02
3.180000000000000000e+02
3.200000000000000000e+02
3.220000000000000000e+02
3.320000000000000000e+02
3.400000000000000000e+02
3.420000000000000000e+02
3.580000000000000000e+02
3.670000000000000000e+02
3.790000000000000000e+02
3.990000000000000000e+02
4.050000000000000000e+02
4.220000000000000000e+02
4.290000000000000000e+02
4.440000000000000000e+02
4.550000000000000000e+02
4.620000000000000000e+02
4.780000000000000000e+02
4.820000000000000000e+02
4.840000000000000000e+02
4.790000000000000000e+02
4.830000000000000000e+02
4.860000000000000000e+02
4.940000000000000000e+02
5.010000000000000000e+02
5.120000000000000000e+02
5.220000000000000000e+02
5.310000000000000000e+02
5.530000000000000000e+02
5.680000000000000000e+02
5.820000000000000000e+02
6.000000000000000000e+02
6.110000000000000000e+02
6.310000000000000000e+02
6.340000000000000000e+02
6.490000000000000000e+02
6.560000000000000000e+02
6.750000000000000000e+02
6.850000000000000000e+02
7.070000000000000000e+02
7.180000000000000000e+02
7.250000000000000000e+02
7.420000000000000000e+02
7.450000000000000000e+02
7.550000000000000000e+02
7.640000000000000000e+02
7.720000000000000000e+02
7.800000000000000000e+02
7.870000000000000000e+02
8.000000000000000000e+02
8.150000000000000000e+02
8.170000000000000000e+02
8.270000000000000000e+02
8.360000000000000000e+02
8.340000000000000000e+02
8.430000000000000000e+02
8.430000000000000000e+02
8.400000000000000000e+02
8.400000000000000000e+02
8.400000000000000000e+02
8.430000000000000000e+02
8.310000000000000000e+02
8.220000000000000000e+02
8.310000000000000000e+02
8.170000000000000000e+02
8.250000000000000000e+02
8.250000000000000000e+02
8.120000000000000000e+02
8.150000000000000000e+02
8.130000000000000000e+02
8.000000000000000000e+02
7.960000000000000000e+02
8.000000000000000000e+02
8.120000000000000000e+02
8.090000000000000000e+02
8.050000000000000000e+02
8.160000000000000000e+02
8.170000000000000000e+02
8.320000000000000000e+02
8.510000000000000000e+02
8.590000000000000000e+02
8.680000000000000000e+02
8.820000000000000000e+02
9.030000000000000000e+02
9.180000000000000000e+02
9.290000000000000000e+02
9.370000000000000000e+02
9.360000000000000000e+02
9.280000000000000000e+02
9.260000000000000000e+02
9.290000000000000000e+02
9.290000000000000000e+02
9.220000000000000000e+02
9.310000000000000000e+02
9.410000000000000000e+02
9.420000000000000000e+02
9.410000000000000000e+02
9.460000000000000000e+02
9.510000000000000000e+02
9.380000000000000000e+02
9.250000000000000000e+02
9.250000000000000000e+02
9.160000000000000000e+02
9.020000000000000000e+02
8.980000000000000000e+02
9.170000000000000000e+02
9.260000000000000000e+02
9.160000000000000000e+02
9.190000000000000000e+02
9.270000000000000000e+02
9.320000000000000000e+02
9.230000000000000000e+02
9.090000000000000000e+02
9.050000000000000000e+02
9.030000000000000000e+02
8.930000000000000000e+02
8.820000000000000000e+02
8.790000000000000000e+02
8.820000000000000000e+02
8.860000000000000000e+02
8.760000000000000000e+02
8.730000000000000000e+02
8.730000000000000000e+02
8.750000000000000000e+02
8.740000000000000000e+02
8.540000000000000000e+02
8.380000000000000000e+02
8.330000000000000000e+02
8.320000000000000000e+02
8.110000000000000000e+02
8.050000000000000000e+02
7.970000000000000000e+02
7.930000000000000000e+02
7.940000000000000000e+02
7.860000000000000000e+02
7.810000000000000000e+02
7.820000000000000000e+02
7.840000000000000000e+02
7.950000000000000000e+02
7.760000000000000000e+02
7.650000000000000000e+02
7.540000000000000000e+02
7.470000000000000000e+02
7.420000000000000000e+02
7.310000000000000000e+02
7.230000000000000000e+02
7.100000000000000000e+02
7.080000000000000000e+02
7.020000000000000000e+02
6.940000000000000000e+02
6.830000000000000000e+02
6.790000000000000000e+02
6.740000000000000000e+02
6.710000000000000000e+02
6.760000000000000000e+02
6.680000000000000000e+02
6.590000000000000000e+02
6.560000000000000000e+02
6.440000000000000000e+02
6.490000000000000000e+02
6.370000000000000000e+02
6.290000000000000000e+02
6.160000000000000000e+02
6.100000000000000000e+02
6.030000000000000000e+02
5.900000000000000000e+02
5.810000000000000000e+02
5.830000000000000000e+02
5.700000000000000000e+02
5.570000000000000000e+02
5.510000000000000000e+02
5.490000000000000000e+02
5.410000000000000000e+02
5.440000000000000000e+02
5.280000000000000000e+02
5.270000000000000000e+02
5.210000000000000000e+02
5.190000000000000000e+02
5.190000000000000000e+02
5.120000000000000000e+02
5.110000000000000000e+02
5.110000000000000000e+02
5.060000000000000000e+02
5.030000000000000000e+02
4.920000000000000000e+02
4.850000000000000000e+02
4.850000000000000000e+02
4.820000000000000000e+02
4.720000000000000000e+02
4.660000000000000000e+02
4.580000000000000000e+02
4.620000000000000000e+02
4.550000000000000000e+02
4.560000000000000000e+02
4.490000000000000000e+02
4.400000000000000000e+02
4.340000000000000000e+02
4.370000000000000000e+02
4.280000000000000000e+02
4.260000000000000000e+02
4.170000000000000000e+02
4.130000000000000000e+02
4.200000000000000000e+02
4.150000000000000000e+02
4.100000000000000000e+02
4.070000000000000000e+02
4.010000000000000000e+02
3.990000000000000000e+02
3.950000000000000000e+02
3.920000000000000000e+02
3.930000000000000000e+02
3.880000000000000000e+02
3.890000000000000000e+02
3.830000000000000000e+02
3.810000000000000000e+02
3.800000000000000000e+02
3.710000000000000000e+02
