1.300000000000000000e+02
1.300000000000000000e+02
1.100000000000000000e+02
1.110000000000000000e+02
1.120000000000000000e+02
1.080000000000000000e+02
1.110000000000000000e+02
1.100000000000000000e+02
1.080000000000000000e+02
1.110000000000000000e+02
1.090000000000000000e+02
1.080000000000000000e+02
1.100000000000000000e+02
1.110000000000000000e+02
1.130000000000000000e+02
1.130000000000000000e+02
1.140000000000000000e+02
1.140000000000000000e+02
1.120000000000000000e+02
1.130000000000000000e+02
1.130000000000000000e+02
1.100000000000000000e+02
1.130000000000000000e+02
1.120000000000000000e+02
1.100000000000000000e+02
1.110000000000000000e+02
1.100000000000000000e+02
1.110000000000000000e+02
1.140000000000000000e+02
1.120000000000000000e+02
1.150000000000000000e+02
1.150000000000000000e+02
1.140000000000000000e+02
1.150000000000000000e+02
1.120000000000000000e+02
1.130000000000000000e+02
1.130000000000000000e+02
1.140000000000000000e+02
1.170000000000000000e+02
1.160000000000000000e+02
1.130000000000000000e+02
1.130000000000000000e+02
1.130000000000000000e+02
1.140000000000000000e+02
1.150000000000000000e+02
1.120000000000000000e+02
1.150000000000000000e+02
1.140000000000000000e+02
1.160000000000000000e+02
1.200000000000000000e+02
1.160000000000000000e+02
1.120000000000000000e+02
1.120000000000000000e+02
1.100000000000000000e+02
1.130000000000000000e+02
1.120000000000000000e+02
1.150000000000000000e+02
1.170000000000000000e+02
1.130000000000000000e+02
1.140000000000000000e+02
1.130000000000000000e+02
1.110000000000000000e+02
1.140000000000000000e+02
1.140000000000000000e+02
1.140000000000000000e+02
1.150000000000000000e+02
1.130000000000000000e+02
1.160000000000000000e+02
1.370000000000000000e+02
1.480000000000000000e+02
1.540000000000000000e+02
1.490000000000000000e+02
1.190000000000000000e+02
1.130000000000000000e+02
1.110000000000000000e+02
1.110000000000000000e+02
1.130000000000000000e+02
1.120000000000000000e+02
1.140000000000000000e+02
1.130000000000000000e+02
1.130000000000000000e+02
1.150000000000000000e+02
1.120000000000000000e+02
1.130000000000000000e+02
1.140000000000000000e+02
1.110000000000000000e+02
1.120000000000000000e+02
1.100000000000000000e+02
1.130000000000000000e+02
1.130000000000000000e+02
1.130000000000000000e+02
1.150000000000000000e+02
1.140000000000000000e+02
1.130000000000000000e+02
1.140000000000000000e+02
1.100000000000000000e+02
1.120000000000000000e+02
1.120000000000000000e+02
1.100000000000000000e+02
1.130000000000000000e+02
1.130000000000000000e+02
1.100000000000000000e+02
1.130000000000000000e+02
1.110000000000000000e+02
1.100000000000000000e+02
1.130000000000000000e+02
1.130000000000000000e+02
1.160000000000000000e+02
1.190000000000000000e+02
1.190000000000000000e+02
1.530000000000000000e+02
2.390000000000000000e+02
2.660000000000000000e+02
2.780000000000000000e+02
2.640000000000000000e+02
1.830000000000000000e+02
1.690000000000000000e+02
1.680000000000000000e+02
1.720000000000000000e+02
1.470000000000000000e+02
1.460000000000000000e+02
1.890000000000000000e+02
2.410000000000000000e+02
2.520000000000000000e+02
3.430000000000000000e+02
3.540000000000000000e+02
3.010000000000000000e+02
2.960000000000000000e+02
2.150000000000000000e+02
1.610000000000000000e+02
1.910000000000000000e+02
2.020000000000000000e+02
2.120000000000000000e+02
2.690000000000000000e+02
2.460000000000000000e+02
2.790000000000000000e+02
4.380000000000000000e+02
5.000000000000000000e+02
4.850000000000000000e+02
4.740000000000000000e+02
3.530000000000000000e+02
2.030000000000000000e+02
2.550000000000000000e+02
2.930000000000000000e+02
4.480000000000000000e+02
5.210000000000000000e+02
4.550000000000000000e+02
4.380000000000000000e+02
3.570000000000000000e+02
1.910000000000000000e+02
2.170000000000000000e+02
2.020000000000000000e+02
2.320000000000000000e+02
2.400000000000000000e+02
2.030000000000000000e+02
1.610000000000000000e+02
1.410000000000000000e+02
1.120000000000000000e+02
1.130000000000000000e+02
1.110000000000000000e+02
1.130000000000000000e+02
1.140000000000000000e+02
1.230000000000000000e+02
1.580000000000000000e+02
1.700000000000000000e+02
1.730000000000000000e+02
1.770000000000000000e+02
1.650000000000000000e+02
1.770000000000000000e+02
2.130000000000000000e+02
2.160000000000000000e+02
2.210000000000000000e+02
2.250000000000000000e+02
1.370000000000000000e+02
1.130000000000000000e+02
1.120000000000000000e+02
1.170000000000000000e+02
1.200000000000000000e+02
1.190000000000000000e+02
1.240000000000000000e+02
1.490000000000000000e+02
1.440000000000000000e+02
1.460000000000000000e+02
1.450000000000000000e+02
1.440000000000000000e+02
1.150000000000000000e+02
1.080000000000000000e+02
1.100000000000000000e+02
1.100000000000000000e+02
1.070000000000000000e+02
1.110000000000000000e+02
1.130000000000000000e+02
1.150000000000000000e+02
1.190000000000000000e+02
1.180000000000000000e+02
1.210000000000000000e+02
1.150000000000000000e+02
1.140000000000000000e+02
1.170000000000000000e+02
1.130000000000000000e+02
1.100000000000000000e+02
1.130000000000000000e+02
1.080000000000000000e+02
1.060000000000000000e+02
1.080000000000000000e+02
1.060000000000000000e+02
1.070000000000000000e+02
1.070000000000000000e+02
1.070000000000000000e+02
1.080000000000000000e+02
1.090000000000000000e+02
1.180000000000000000e+02
1.230000000000000000e+02
1.230000000000000000e+02
1.240000000000000000e+02
1.230000000000000000e+02
1.220000000000000000e+02
1.100000000000000000e+02
1.060000000000000000e+02
1.080000000000000000e+02
1.090000000000000000e+02
1.060000000000000000e+02
1.090000000000000000e+02
1.070000000000000000e+02
1.080000000000000000e+02
1.090000000000000000e+02
1.080000000000000000e+02
1.070000000000000000e+02
1.100000000000000000e+02
1.070000000000000000e+02
1.080000000000000000e+02
1.080000000000000000e+02
1.060000000000000000e+02
1.080000000000000000e+02
1.070000000000000000e+02
1.080000000000000000e+02
1.080000000000000000e+02
1.070000000000000000e+02
1.090000000000000000e+02
1.080000000000000000e+02
1.070000000000000000e+02
1.100000000000000000e+02
1.060000000000000000e+02
1.070000000000000000e+02
1.090000000000000000e+02
1.050000000000000000e+02
1.090000000000000000e+02
1.090000000000000000e+02
1.090000000000000000e+02
1.110000000000000000e+02
1.080000000000000000e+02
1.090000000000000000e+02
1.130000000000000000e+02
1.120000000000000000e+02
1.150000000000000000e+02
1.130000000000000000e+02
1.130000000000000000e+02
1.180000000000000000e+02
1.150000000000000000e+02
1.130000000000000000e+02
1.140000000000000000e+02
1.140000000000000000e+02
1.160000000000000000e+02
1.150000000000000000e+02
1.110000000000000000e+02
1.110000000000000000e+02
1.100000000000000000e+02
1.090000000000000000e+02
1.090000000000000000e+02
1.080000000000000000e+02
1.080000000000000000e+02
1.080000000000000000e+02
1.080000000000000000e+02
1.130000000000000000e+02
1.100000000000000000e+02
1.120000000000000000e+02
1.130000000000000000e+02
1.100000000000000000e+02
1.120000000000000000e+02
1.110000000000000000e+02
1.080000000000000000e+02
1.100000000000000000e+02
1.080000000000000000e+02
1.090000000000000000e+02
1.100000000000000000e+02
1.080000000000000000e+02
1.110000000000000000e+02
1.110000000000000000e+02
